84
30
52
60
112
54
60
42
30
28
90
41
84
52
100
39
42
54
40
41
56
56
84
41
30
42
23
112
41
29
42
60
84
56
84
86
30
112
42
80
42
39
55
29
30
30
42
110
56
29
112
30
29
28
60
30
42
28
25
27
46
36
27
56
30
104
30
96
42
110
29
88
56
56
78
112
26
84
44
56
82
42
60
55
44
53
96
30
80
58
30
78
41
42
25
41
22
30
42
41
54
39
40
60
80
30
44
102
78
46
29
40
82
30
22
60
28
42
42
60
28
35
34
84
50
84
60
60
30
76
42
55
42
20
84
30
42
42
56
110
29
112
46
60
60
112
84
102
74
60
36
30
40
84
58
110
49
42
56
78
50
55
84
84
108
78
29
56
78
84
84
84
60
60
60
41
82
78
54
42
80
30
108
42
84
42
29
60
112
38
112
82
27
46
50
27
60
23
44
42
54
82
110
42
78
23
102
30
80
53
46
80
78
82
39
84
84
30
84
28
56
29
39
42
110
82
29
30
39
30
78
94
58
102
84
56
39
78
46
30
112
42
44
30
84
52
30
68
40
56
78
60
30
60
27
27
52
29
110
58
28
84
40
106
29
54
41
30
42
60
84
84
26
86
82
30
58
60
42
56
80
94
112
30
78
30
40
42
56
60
84
60
41
110
112
112
84
112
70
30
